2.2294207186976095e-14
0.003865481451334291
0.007666881143381709
0.011727860910563555
0.014390115592591178
0.018563622584872933
0.022682950450188553
0.026192094902136892
0.03009254407923002
0.035288863099657515
0.03879224923405615
0.04089831554370735
0.04371682955685108
0.048895871615721086
0.053062536707196906
0.056782759708572134
0.05962922729292873
0.06293648624104628
0.06802412225237699
0.07141837498135736
0.0752440807330343
0.07905383990187273
0.08327925722123856
0.08770478502508305
0.09063153957073265
0.09546111004453428
0.09739089799465378
0.10275859455704608
0.10778813256000454
0.11021184563850589
0.11441245102917204
0.1185995182504854
0.12432296968871383
0.12587646636053204
0.1305003214255929
0.1326404607439805
0.13763854737881873
0.14270435183343827
0.14232092213173517
0.1504662728346392
0.15485494974612257
0.15844109497427727
0.16104895979860093
0.16248817260013726
0.16758171266989158
0.1747718035592932
0.1771746469025808
0.1824475234492935
0.1829649315596614
0.1871074832962505
0.19367926590781548
0.19753913983514337
0.2020247193820234
0.20308355036313036
0.21261138670975133
0.2134831734337435
0.21770728467345862
0.22102169782627434
0.22701419353702157
0.2292489982995761
0.23351947456953162
0.2394389263760094
0.24185089563537937
0.24749319100151504
0.24945543547888507
0.2560549249254788
0.256523285322492
0.26082867280053884
0.26698034461125464
0.269232338774417
0.2745853034740118
0.27826236232947044
0.283839670705768
0.2866540977446848
0.28652048067423164
0.2922655875176556
0.2995263669796879
0.3043149818524095
0.3068101715323937
0.31427501554007464
0.3189348022802813
0.32184743831070173
0.3244376772675029
0.32763794154110465
0.33515714312800715
0.3385431463645467
0.3383790718038149
0.342948738613163
0.3499031114469232
0.3535913557935933
0.35882427926076155
0.3658386939937689
0.36475646033035614
0.36970972296966736
0.3748018062019963
0.37824023848759575
0.384867980155387
0.388916845012317
0.39252218932950383
0.39531070648490063
0.4028733125120559
0.4076358801442265
0.4082781132164592
0.4109504546358982
0.4172673430078707
0.4235719041100077
0.42739149585757874
0.4307459154119931
0.4379248930569593
0.43929610213214976
0.4443300236961169
0.45041741730621815
0.4513651853778582
0.4571673911010607
0.45956616821202523
0.4622379899604209
0.4698712838362891
0.4793778210574744
0.4763341502976525
0.48175036180493874
0.4864332403954989
0.4899024383343413
0.4951157923710368
0.5057025040579021
0.5064169647145026
0.5133456725615292
0.5092192148851064
0.5174864597612595
0.529830700665195
0.529207103445227
0.5314910949983109
0.5349707502887767
0.5437721471810165
0.5461088737392876
0.5478279401296863
0.5585206962688074
0.5587073918386224
0.5595838140298477
0.5657023342546732
0.5726669742170045
0.5811431071288422
0.5843099119025267
0.5886775971189727
0.5929402706385685
0.595423925506725
0.5932853148133589
0.6058707079431374
0.6081250422054154
0.6147681599412603
0.6187352191276143
0.6217393658021837
0.6276540645352885
0.6321233757936355
0.6355543727035762
0.6422965143837405
0.646623365240588
0.6519787871795504
0.6565942449742493
0.6578408836438825
0.6644647843715894
0.672088405799672
0.6843253684414112
0.6793461016804518
0.6883409609989244
0.6854839736413397
0.6972904742943016
0.7015898108143591
0.7112345424101766
0.709822771494599
0.7127127702373938
0.7181371201744416
0.7202258617066356
0.7298824067591403
0.7379165426959947
0.7404698522824924
0.74177825474903
0.7465519771209439
0.7572764202043349
0.7606978290028762
0.762887793447423
0.7681649788688162
0.7740819897029902
0.7777757972680118
0.7799872462462196
0.7820414223011829
0.7910474989851578
0.7945701505844318
0.7993216127554154
0.8070164575316083
0.8048021498563065
0.8128356054317893
0.8269928303165951
0.8237416076325199
0.8275846525832469
0.833892084170062
0.836872845323112
0.851126920608059
0.8513009764367299
0.8543266203179856
0.8606551538726278
0.8731443946624214
0.8664396507484103
0.8771874861503111
0.8768101454483442
0.88461531673322
0.8943161424974371
0.8942715666295704
0.9013135728681578
0.9077829787007512
0.912412091117348
0.9114330458169371
0.9188966995348106
0.9287520542006767
0.9312377660428204
0.9398135790883044
0.9435727539610642
0.9506490773897722
0.9549820061903658
0.9593404429031441
0.9620115836974577
0.9684077207869453
0.9780790334471966
0.975418231472522
0.9857285049262194
0.9867003926009
1.0012935805003884
1.0025774673467043
1.0017270349057108
1.0068385600182663
1.0188298670572467
1.022854610116897
1.0230469029546732
1.0266823829038871
1.0308516101648317
1.0468783900392413
1.0493884364173196
1.059293578011476
1.0589529453017696
1.0651231180765124
1.065777701335792
1.0716750103685606
1.077840503197894
1.0810507457954792
1.095622310398184
1.0914913564056878
1.0906489170582727
1.1087258099956276
1.114084395518367
1.10870945514612
1.1177048929705993
1.1219319147404863
1.130909252557825
1.1416017593659367
1.1423662165308845
1.1438916867889848
1.1489394571718785
1.1588232880265408
1.1608937418714027
1.167988252888031
1.1674810903452764
1.1796517407308038
1.1758508416250546
1.188326007079769
1.1883840283981841
1.2055208522071197
1.2085428644851635
1.21397112468977
1.2121409499340219
1.2173403857647331
1.2327657080440153
1.2274443794912966
1.244983470258493
1.247104673526438
1.2463706010210367
1.2596692447375117
1.2573775652262809
1.2719226966345174
1.2711809719190343
1.2754738161020505
1.2777150286118972
1.287986144029219
1.2967304785199538
1.2979483292715062
1.304132319493041
1.3082721043147074
1.316537036804548
1.3240415893658461
1.3278226539203966
1.3379543689154483
1.329882927495798
1.3499784846066394
1.3567590568920302
1.3535565548818296
1.362230010975312
1.3670518681174415
1.3755435945010297
1.3752232085241882
1.3859960699708658
1.3899419540110551
1.3976160518913534
1.4057852849613288
1.40847500810667
1.4098861611305886
1.4276434212117395
1.425683267374024
1.4335534568077462
1.4351620496839521
1.4381850485781542
1.44373072370378
1.4520248745278979
1.463790795068253
1.473239396695179
1.4788287580432922
1.4878890512103138
1.4959797625266977
1.4925434961701673
1.4989139721316769
1.4964303266998322
1.5081988984407064
1.519605570521913
1.5155227824801363
1.5313543372171452
1.5326731103780593
1.5378484266320722
1.5482237993783392
1.554121940701294
1.5535487716712495
1.5601873032896307
1.56319993490458
1.573124827478712
1.5730617321907463
1.5890372526528977
1.5904718273013378
1.5974584763709132
1.6045208899595815
1.6241251799634935
1.6066689045220734
1.6231002183010785
1.631307103310557
1.6398357116332831
1.6391971720220084
1.660023852375355
1.6535203172862591
1.651597912947491
1.664311234433413
1.6781402733542288
1.6742973677848156
1.684879088734585
1.6940533935735531
1.6894844788475536
1.7037581103371706
1.7054378996592456
1.7120948945453736
1.7279074753793435
1.7385351405704392
1.7305992549591966
1.7441800851559075
1.746748868898818
1.7584022959632404
1.7607871279314713
1.778541703315435
1.7682747534686374
1.7804396149230084
1.7893368409382169
1.7960855095000015
1.8058124601279777
1.792427686315443
1.8103151638413257
1.8005965097477519
1.8199044979754238
1.8331272449533973
1.847975470294201
1.8381724968292368
1.8420634031818208
1.8527317657627287
1.8643056003256335
1.8578704969375794
1.8823561260745278
1.8815631806536743
1.878660497874432
1.8969449785878416
1.8971210258068572
1.9150385579328049
1.9097026289706327
1.924538947770139
1.9204886508832657
1.9338490774334347
1.9411774798915606
1.9398797078602292
1.9504035009291323
1.9559547265425743
1.965330197085132
1.9806545345328337
1.9816155564981073
1.9863440584196297
1.9920911771955991
1.9919221237831843
2.0037167973282926
2.0103719708185714
2.028369434938387
2.0293881169581396
2.040176306047911
2.036208374581408
2.049943545586755
2.0578146563689956
2.0666248255754507
2.062497356071494
2.0743242669133006
2.0820634113920367
2.089455913284659
2.101106743560394
2.1007202838492143
2.099215509991141
2.1041188510005946
2.121213479288159
2.118705716486912
2.13654371345291
2.1442506127747714
2.1507440159192677
2.1649411954196016
2.167840227141372
2.170030986604961
2.180399773960008
2.1862361210634322
2.1872213679823633
2.200185618286621
2.195165410489177
2.2226287043148774
2.220359963125573
2.2141104030961074
2.2415520839875547
2.2407778565283873
2.2468913320902035
2.2506236478049497
2.2741308254853267
2.261457815700877
2.273189758054291
2.27910659108527
2.2773140280922433
2.282386271557804
2.3133519750750007
2.3216061593946313
2.3190601526401586
2.336861059136011
2.3312965357844693
2.332957643498001
2.35259713428885
2.3572631160740016
2.379553826338111
2.381597585440598
2.385206824539359
2.3785872718571857
2.3857984272357253
2.378896395198367
2.400428293945374
2.42442408549416
2.41629815182457
2.423657809575524
2.4415463469667604
2.4376249574260154
2.4642020707068615
2.4716833670370084
2.4574738627972454
2.4708082703144516
2.4655166538314908
2.4904578025695168
2.4899852881802276
2.505331196598993
2.495883969192671
2.534133594594021
2.535808176536116
2.5313940376177255
2.542771055712939
2.542918017306258
2.560661440916789
2.563340017400355
2.572674182816403
2.582538289056584
2.5824319455779534
2.5917370910811366
2.604993273837382
2.6254567913455498
2.6034651263179573
2.610556477456575
2.6269127841175255
2.6449560663698457
2.635489473425858
2.6578518255408414
2.6654124735318137
2.6773222499656892
2.670649945683037
2.6762994659607746
2.690484467918958
2.7105728229563044
2.692268447419425
2.7186046675522437
2.7169163773255867
2.7295035098010825
2.7275282825808977
2.7526715762933676
