0.0009300017356872559
0.00018999934196472167
0.00017000198364257812
0.00017999887466430665
0.00018500089645385743
0.00018000006675720215
0.00018000006675720215
0.00018499970436096193
0.00018000125885009766
0.00018999934196472167
0.00019999980926513672
0.00018500089645385743
0.0007799994945526123
0.00019999980926513672
0.00016499876976013182
0.00016500115394592286
0.00019999980926513672
0.00019500136375427246
0.00021000027656555175
0.00019500017166137695
0.00018999934196472167
0.0002049994468688965
0.00019500136375427246
0.00019999980926513672
0.000205000638961792
0.00019999980926513672
0.00019999980926513672
0.00019500136375427246
0.00019500017166137695
0.00018000006675720215
0.00018499970436096193
0.00017499804496765137
0.00018500089645385743
0.00018000125885009766
0.0008249998092651368
0.000205000638961792
0.00019500017166137695
0.0002049994468688965
0.00019500136375427246
0.00019999980926513672
0.00019500017166137695
0.00020999908447265624
0.00019500136375427246
0.00019999980926513672
0.00019999980926513672
0.00019999980926513672
0.00018500089645385743
0.00019500017166137695
0.00019500136375427246
0.00019499897956848144
0.00018499851226806642
0.00018500089645385743
0.00018499970436096193
0.00018000125885009766
0.00017999887466430665
0.00019500017166137695
0.0007949995994567871
0.00018499970436096193
0.00019000053405761718
0.00019499778747558594
0.00019499897956848144
0.00019000172615051268
0.00018999814987182616
0.00018999934196472167
0.000205000638961792
0.00019500017166137695
0.0002049994468688965
0.00019500017166137695
0.000205000638961792
0.00019999980926513672
0.00019999980926513672
0.00021000027656555175
0.00019499897956848144
0.00019000053405761718
0.0001700007915496826
0.00018500089645385743
0.00018499970436096193
0.00018500089645385743
0.0008049988746643066
0.00018500089645385743
0.00019999980926513672
0.00018999934196472167
0.00019000172615051268
0.0002049994468688965
0.00019999980926513672
0.000205000638961792
0.00019499897956848144
0.000205000638961792
0.00019500017166137695
0.00018999934196472167
0.00019999980926513672
0.00019500017166137695
0.00019999861717224122
0.00019500136375427246
0.00018499851226806642
0.00019000053405761718
0.00018999814987182616
0.00018000125885009766
0.00018499851226806642
0.00017500042915344238
0.0007900011539459229
0.00019500017166137695
0.00019500136375427246
0.0002049994468688965
0.00019499897956848144
0.00019000053405761718
0.00019500017166137695
0.0002049994468688965
0.00019500017166137695
0.00019999980926513672
0.00019000053405761718
0.00019999980926513672
0.00019500136375427246
0.00019999980926513672
0.00019500136375427246
0.00021000027656555175
0.00018999934196472167
0.00018000006675720215
0.00017000198364257812
0.00018999934196472167
0.00017499923706054688
0.00018499970436096193
0.0007999992370605469
0.00019999980926513672
0.00019000053405761718
0.00019500017166137695
0.00019499778747558594
0.00019500136375427246
0.00019499897956848144
0.00020000100135803223
0.00017499923706054688
0.00021000027656555175
0.000205000638961792
0.00020999908447265624
0.000205000638961792
0.00020000100135803223
0.00019500017166137695
0.00018999934196472167
0.00018500089645385743
0.00018999934196472167
0.00018500089645385743
0.0001750016212463379
0.00019500017166137695
0.00018500089645385743
0.00019999980926513672
0.00019999980926513672
0.00019500136375427246
0.00021000027656555175
0.00020999908447265624
0.00021000027656555175
0.000205000638961792
0.0002049994468688965
0.00019999861717224122
0.0001999974250793457
0.00018499970436096193
0.00019999980926513672
0.00019499897956848144
0.0002049994468688965
0.00019999980926513672
0.00019999861717224122
0.00019999980926513672
0.00018000125885009766
0.00017500042915344238
0.0001699995994567871
0.00019000053405761718
0.0007999980449676514
0.0002049994468688965
0.00020000100135803223
0.00019999980926513672
0.00019500017166137695
0.0002049994468688965
0.000205000638961792
0.000205000638961792
0.0002049994468688965
0.00020999908447265624
0.00019999980926513672
0.00019000053405761718
0.00021000027656555175
0.000205000638961792
0.00019999861717224122
0.00021000027656555175
0.0002049994468688965
0.00019000053405761718
0.00019500017166137695
0.00018500089645385743
0.00019500017166137695
0.0007949995994567871
0.00020000100135803223
0.00021000027656555175
0.00019499897956848144
0.00019500017166137695
0.000205000638961792
0.0002049994468688965
0.000205000638961792
0.00021000027656555175
0.00021499991416931152
0.000205000638961792
0.00021000027656555175
0.00019999980926513672
0.00018499970436096193
0.00019999980926513672
0.00021000027656555175
0.00018499851226806642
0.00019000053405761718
0.00019499897956848144
0.00020000100135803223
0.00018000125885009766
0.00018499970436096193
0.0007949995994567871
0.00021000027656555175
0.0002049994468688965
0.00021000027656555175
0.00019999980926513672
0.00019500017166137695
0.00019999980926513672
0.00021000027656555175
0.00019499778747558594
0.00021000146865844725
0.0002049994468688965
0.00020000100135803223
0.00021000027656555175
0.00021000027656555175
0.000204998254776001
0.00019999980926513672
0.00018000006675720215
0.00019500017166137695
0.00018500089645385743
0.00018500089645385743
0.0002049994468688965
0.0007950007915496826
0.00018999814987182616
0.00021000027656555175
0.0002049994468688965
0.00021000027656555175
0.00021000027656555175
0.00021000027656555175
0.00021499991416931152
0.0002049994468688965
0.000205000638961792
0.000205000638961792
0.00020000100135803223
0.00021499991416931152
0.00020000100135803223
0.00021499991416931152
0.00019500017166137695
0.00018499970436096193
0.00019999980926513672
0.00018500089645385743
0.00019999980926513672
0.00019000053405761718
0.0008050000667572021
0.00019500017166137695
0.00021000027656555175
0.0002049994468688965
0.000205000638961792
0.00021499991416931152
0.00019499897956848144
0.00020999908447265624
0.0002049994468688965
0.00021000027656555175
0.00019000172615051268
0.00021000027656555175
0.000205000638961792
0.00019499778747558594
0.000204998254776001
0.00021000027656555175
0.00018999814987182616
0.00018500089645385743
0.00018500089645385743
0.00018499970436096193
0.00018500089645385743
0.0007950007915496826
0.00019499897956848144
0.00019500136375427246
0.00021000027656555175
0.00021499991416931152
0.00020000100135803223
0.00020999908447265624
0.00021000027656555175
0.00020000100135803223
0.00021499991416931152
0.000205000638961792
0.00019999980926513672
0.00019999980926513672
0.00020999908447265624
0.00021499991416931152
0.00021000027656555175
0.00019499897956848144
0.00019500017166137695
0.00019500017166137695
0.00018999934196472167
0.00019500017166137695
0.0007899999618530273
0.0002049994468688965
0.00021000027656555175
0.00021000027656555175
0.00021000027656555175
0.00021499991416931152
0.00021499991416931152
0.00021000027656555175
0.0002049994468688965
0.0002049994468688965
0.00021000027656555175
0.00019499897956848144
0.00019500017166137695
0.00020999908447265624
0.00021000027656555175
0.00021000027656555175
0.00019000053405761718
0.00018500089645385743
0.00018499970436096193
0.00018000006675720215
0.00019999980926513672
0.0007950007915496826
0.00021000027656555175
0.00019500017166137695
0.0002049994468688965
0.00021000027656555175
0.00019999980926513672
0.000205000638961792
0.00021000027656555175
0.0002049994468688965
0.000205000638961792
0.00020999908447265624
0.00021499991416931152
0.00021000027656555175
0.00019500136375427246
0.0002049994468688965
0.0002049994468688965
0.00019500136375427246
0.00018999934196472167
0.00019500017166137695
0.00019999980926513672
0.0008000004291534424
0.0002049994468688965
0.00021000146865844725
0.00020999908447265624
0.00019999980926513672
0.00021499991416931152
0.0002049994468688965
0.00019999980926513672
0.00021499991416931152
0.0002049994468688965
0.00021499991416931152
0.0002049994468688965
0.00021000027656555175
0.00019500017166137695
0.00021500110626220702
0.00021499991416931152
0.0002049994468688965
0.00019999980926513672
0.00018999934196472167
0.000205000638961792
0.00019999980926513672
0.0008050000667572021
0.000205000638961792
0.00020999908447265624
0.00020000100135803223
0.00020999789237976073
0.0002049994468688965
0.00021500110626220702
0.00021499991416931152
0.00021000027656555175
0.00019999980926513672
0.00019000053405761718
0.00021499991416931152
0.00021499991416931152
0.0002050018310546875
0.00020999908447265624
0.00021000027656555175
0.00019000053405761718
0.00019500017166137695
0.00019999861717224122
0.00020000100135803223
0.0008000004291534424
0.00019499778747558594
0.0002200007438659668
0.00020999908447265624
0.00020999908447265624
0.0002200007438659668
0.00021000027656555175
0.0002199995517730713
0.00020999908447265624
0.00021000027656555175
0.0002200007438659668
0.00021499991416931152
0.00021499991416931152
0.000204998254776001
0.00021499991416931152
0.00021499991416931152
0.00021499991416931152
0.00019500017166137695
0.00019500017166137695
0.00019999980926513672
0.000205000638961792
0.0007999992370605469
0.00021000027656555175
0.00020000100135803223
0.00021000027656555175
0.00021499991416931152
0.000204998254776001
0.000214998722076416
0.0002200007438659668
0.0002199995517730713
0.0002200007438659668
0.00021499991416931152
0.00021499991416931152
0.00021000027656555175
0.0002049994468688965
0.0002199995517730713
0.00021500110626220702
0.00019999980926513672
0.0002049994468688965
0.00019999861717224122
0.00019999980926513672
0.0007999992370605469
0.000205000638961792
0.000204998254776001
0.00021000027656555175
0.00021499991416931152
0.00021499991416931152
0.00021499991416931152
0.000205000638961792
0.0002200007438659668
0.0002049994468688965
0.0002200007438659668
0.0002199995517730713
0.00021499991416931152
0.00021000027656555175
0.0002199995517730713
0.00020999908447265624
0.00021499991416931152
0.00018500089645385743
0.000205000638961792
0.000205000638961792
0.0008049988746643066
0.00021000027656555175
0.00019499897956848144
0.00020999908447265624
0.00021499991416931152
0.000204998254776001
0.00021500110626220702
0.0002199995517730713
0.000214998722076416
0.00021000146865844725
0.00021000027656555175
0.0002199995517730713
0.0002200007438659668
0.00021499991416931152
0.00021000027656555175
0.00019499897956848144
0.00021499991416931152
0.00019999980926513672
0.00020000100135803223
0.000205000638961792
0.000809999704360962
0.00021000027656555175
0.00019999980926513672
0.00021000027656555175
0.00022500038146972657
0.00021499991416931152
0.0002200007438659668
0.0002049994468688965
0.00022499918937683106
0.00021500110626220702
0.0002199995517730713
0.0002200007438659668
0.000205000638961792
0.00020999908447265624
0.00021000027656555175
0.00021499991416931152
0.0002200007438659668
0.00019500136375427246
0.00021000027656555175
0.00019499778747558594
0.0008050012588500977
0.000204998254776001
0.00021499991416931152
0.0002199995517730713
0.00021500110626220702
0.000204998254776001
0.0002200007438659668
0.00021500110626220702
0.00022500038146972657
0.00021499991416931152
0.00021500110626220702
0.000214998722076416
0.00021499991416931152
0.00021000027656555175
0.00023000001907348634
0.00021999835968017578
0.00021000027656555175
0.00019500136375427246
0.00019499897956848144
0.00021000027656555175
0.0008050012588500977
0.00019500017166137695
0.00021000027656555175
0.00021999835968017578
0.0002200007438659668
