2.6644251863402375
2.6645989318695804
2.663985089258166
2.666067212686378
2.666383517765536
2.6632940671933443
2.6650185428194377
2.668371894268164
2.6680906908509026
2.664056173534929
2.676941746515878
2.6838184435035117
2.6793919571500173
2.681787625206044
2.6882608809436777
2.693883585590056
2.705697191805847
2.7100875821666484
2.722888755351992
2.764767093547825
2.815190176339937
2.832140540706523
2.7787768348551025
2.7564099717776323
2.823869025059876
2.7802928454787534
2.7732800011751095
2.7992435637064985
2.827901384271286
2.8894606241863863
2.7954859460260364
2.806632311402653
2.8487828441633876
2.884797985359084
2.84954566164694
3.048192539775576
2.8731720729936012
2.997583887958479
3.0556995434094465
2.868190545813777
2.9995132302730925
2.951077131631843
3.0935791411267037
2.955461140497549
2.9943649781810233
2.932903042148952
2.9445006363046016
3.1293839234700527
3.009610605548662
3.1485540344939267
2.9740797867168918
3.107727760259725
3.0047713117900914
3.143248178242182
2.9919234169439615
3.18841578988748
3.1545786529670283
2.9748228334109905
3.164109803056263
3.088936353724065
3.350217964419404
3.1392639377349947
3.0973427373018647
3.240547662139034
3.3832851366391172
3.2980191506916237
3.181082104398425
3.1482032682856755
3.2486662127165613
3.246093787962754
3.245005335277362
3.24054492827133
3.2151922375234143
3.133584658343281
3.2681177694781174
3.2492104149115293
3.0633856105125195
3.1300328735570355
3.0849009828576426
3.187983734917872
3.1473717418297356
3.083995071683723
3.0350718556407967
2.9759669131806885
3.0370750155959643
3.352621649357002
3.2036047529212817
3.1503353082010257
3.2143643302265383
3.2552683089577146
3.1526427472513228
3.091965444984463
3.1111213599165732
3.350242337373361
3.1971960386411364
3.2088816860913933
3.08121301902392
3.4729599033608647
3.3695216643307635
3.2984082491489057
3.409782004316986
3.1406967095356024
3.4350306961270984
3.667007083443671
3.292896543111662
3.4062648346980753
3.5108131067337087
3.0459306117090086
3.1362702157745783
3.284965232648052
3.212064314217606
3.2699056869284266
3.249456713755233
3.3292864992249434
3.3130323981302716
3.1851119866328883
3.148309465443079
3.313899736603092
3.275824506971532
3.1736705919890005
3.4434659592968506
3.1702120576551
3.3479651859874053
3.455043006804942
3.1468528022089846
3.212904745522111
3.3283710313396506
3.2160659922828723
3.4431845536985355
3.394469160646381
3.463901991203237
3.2323694554458893
3.407412208515291
3.3490744101228573
3.4541098128930456
3.2946664657981684
3.658812014148722
3.475505481808599
3.599024062092098
3.319787152242107
3.4301055562307763
3.4121914852524635
3.45487388903212
3.3837529699556184
3.2741869849257377
3.447068667452412
3.4549679228606136
3.5630691550346096
3.480960740373237
3.417952433286362
3.2064344129930253
3.375834142274511
3.5521450876423533
3.491087211904968
3.3521844812834805
3.5199402380556366
3.3802075327676597
3.6140509150643605
3.2872848048946692
3.5927071184399098
3.419264224155551
3.393097308905545
3.4485441593032333
3.421391693988754
3.4482354179701815
3.2586549787614745
3.5592366515438134
3.051636954641059
3.6480987275045176
3.3943004490850455
3.647583653720967
3.6456929556972644
3.486132378308386
3.1649573308666716
3.289875606265144
3.5629070887886467
3.4598681462008374
3.2225285326385515
3.624177297628049
3.3489586808134852
3.6984480811516818
3.448740389806795
3.7080270130399486
3.5468023303492124
3.4388486462589993
3.6041115902598064
3.599983960513987
3.8083678001896892
3.6072032312874005
3.599398608553935
3.1323667641837267
3.4579911607822145
3.4310216683928427
3.564417827162558
3.5756430019787673
3.6460194134556674
3.3876784370599204
3.3506075102091217
3.4340422871547416
3.4086952178293886
3.6887638121193165
3.5417397404467392
3.4201298639292976
3.5833027119589103
3.588080075458456
3.7383685313020023
3.390095719955137
3.8110135321436487
3.5807340099584026
3.429230745688666
3.3675812160150915
3.301104041570592
3.559597848954615
3.6862198142868685
3.4851398611079385
3.7599922628816147
3.553486437358426
3.5546098550474823
3.432467391113413
3.701352094998627
3.766553243316398
3.468941152135366
3.3836471432293074
3.454497373594022
3.434683703316413
3.2655105184257995
3.5466518885688867
3.6538185098694838
3.3950082262146912
3.4242474254582294
3.911152249643896
3.5059580359860645
3.767972242177675
3.297285113600907
3.659641717809852
3.5263951304493997
3.477917697519708
3.733082049824255
3.392406510063698
3.8851484678440276
3.635408717584012
3.5153397184615187
3.679608394680305
3.5747013226034143
3.6289079313404797
3.7525828636523584
3.5470621112484637
3.6368676153580646
3.509827301859451
3.786811838549278
3.420090858232979
3.5744767138513054
3.8049809949928535
3.6347397059983253
4.0079984615424795
3.7642597172183527
3.7672752414726154
3.5714549423263353
3.6580756647692083
3.56213539308417
3.6430807851486047
3.629170061226246
3.462150224739827
3.5366612157819435
3.8265426686546715
3.673724866636558
3.5720636463001965
3.5327738803203164
3.952559767297944
3.707225124620532
3.6832545859276773
3.690765928394734
3.778271106471457
3.853257607483885
3.6573741589152347
3.7522204264099157
3.7633155572235273
3.6562781713775667
3.68100124205018
3.6635922916898602
3.357734453712224
3.582018236684651
3.6169113544132934
3.529259132740752
4.1358407777035175
3.871692526611657
3.521464659512029
3.9019656724181213
3.594374319456707
3.854522608447912
3.9491143184400612
3.886062534976261
3.7228235003889636
3.685997140293551
3.7085530614476925
3.7231119351175797
3.7678369024047256
3.787433360987626
3.791072449915298
3.5850152387017467
3.8077669695984366
3.89545568839271
4.035252861221597
3.672039684291584
3.85238046710329
3.578804140994494
3.649743989940526
3.7395919348026867
3.991569062061184
4.026764487034276
3.7802287688188225
3.8713840426239887
3.847013791042219
4.242486096601312
3.954206518019705
4.157329856157384
4.0106175998398275
3.6985199009678444
3.901933849773327
3.7808648988530216
3.902204989269163
3.9572010926035888
3.961341001655652
3.938862094835524
4.0414264023935536
3.7170567000743766
3.9619433369520674
4.028865586511366
4.171710363154366
3.9189526711235056
3.6816893851820613
4.030541806738263
3.9601429426192194
3.8045689335708754
3.5761500074440766
3.900486571445299
3.804950641612487
4.390672286796601
3.8293723021556128
3.8465807485091044
3.7711553719254267
3.8062465740562494
3.8676856329919245
3.842445329529366
3.944639809246535
3.575212928527717
4.052630999942278
4.007352679023326
4.104997399382496
3.9043044257630712
3.7145970085789575
3.616432592538221
4.037333347200487
4.141534385912224
3.9231188285886365
3.929774539394705
4.115351042880057
3.852373772421038
3.9719381006274492
3.969114980712781
3.8963104618660225
3.72142730379943
3.664278418064531
3.7357853097675484
3.628512923441539
3.839940655499514
4.044253702373612
4.103887498770449
4.61562407934965
3.640753527225984
4.295501105543249
4.162726635745593
4.0951870251698645
3.821247784508092
3.854664511487835
4.1709927491227115
4.173444827924327
4.222685195320941
4.052185154711676
3.942563262240788
3.9034195705769377
3.9181689180668773
3.741407251645319
4.161928217827092
3.611470965979799
4.150416084194519
3.884253733552909
3.914095525451902
4.009306791622383
4.203363146375197
3.9049403339637707
4.378017318555071
4.171043234090189
3.9069385877905938
3.9601025539579484
4.067145211007191
3.8857334710456017
3.925194238364856
4.15048262916047
4.442581914971869
3.9403093060188055
4.462601047236308
3.926885931287936
3.8335315536409116
4.219375092005717
4.031977144732922
4.2245961108966235
4.144831469054788
4.008953110061759
4.234509278787954
4.188466328762145
4.28256960233233
4.388506533296489
4.2242326756075474
4.297944611914031
3.5209493221375676
4.2126793032595415
3.803782689326964
4.002242680470561
4.091136251669952
4.2286977972098985
4.325629025558117
4.071187454717827
3.9965733118709026
4.045421177103357
3.883923012015953
4.482672505894736
4.084037188298717
4.118866381025146
4.2451153426292745
3.991971396808456
4.553862619347136
4.336064663928632
4.214931501839416
3.9450319839105994
4.379488777964051
4.589085043965341
4.25613388701426
4.224469259763731
4.245238444097936
4.609048529866133
4.204661503101828
4.536550720456776
4.126999680130009
4.222576352938918
4.356497959708551
3.9440170713012197
4.212860288647124
4.252500745538188
4.074390654736246
4.347126857698849
4.399338380699788
4.123863887521102
4.073937292775839
3.8159243949648096
4.4969546349285725
4.2406513847229235
4.270712685914515
4.156425546813894
4.738906297448915
4.52887820991676
4.46366035397363
4.301065718758872
4.422048576666483
4.31914040263141
4.226822740359698
4.513137266817576
4.243355862959808
4.373725781111759
4.416893098177449
4.546453350579123
4.248303733581405
4.318178561212923
4.475819343847102
4.281091033809673
4.176535960589735
3.995108575523968
4.300020279495984
4.614332810520925
4.045057512112811
4.094689035834286
4.5264214961733344
4.723660082502094
4.619183690093987
4.504026684127467
4.068705788100826
4.53795738501541
4.578873409049993
4.709972871788444
4.062903275616186
4.144284213257518
4.886241503783043
4.17068620651828
4.566134316367047
4.129919854062337
4.607672684168864
4.529290530700217
4.544461516898611
4.21494327487659
4.834564842369136
