2.2294207186976095e-14
0.0006890498029192694
0.0014675663379717777
0.001959863023201402
0.0031137612034688833
0.0035232279525938964
0.004395972169433435
0.0044477882938361605
0.005581570431980066
0.006323728500580638
0.007367049576191388
0.007850873715720562
0.009098243053340982
0.008924389758486174
0.009220764606798824
0.010068430962467644
0.011687347857393705
0.012309152045907905
0.013312922210668933
0.013583909509649675
0.014655047828346
0.014634027904782266
0.013847512542713554
0.015977688470653183
0.017681341741611012
0.0173274620559507
0.0166822716283671
0.018328261255182193
0.022053935859617138
0.020890501875010323
0.02162040110226362
0.02096077604142716
0.02270767780582624
0.023381123149777118
0.02535455301909597
0.0238297321095314
0.024563112601035747
0.025841007016492903
0.02446223852292376
0.028446144659728008
0.026516563769689926
0.029083830506115165
0.030039659883235616
0.032598565339559835
0.03336586063129184
0.029771642353625352
0.030998412550512295
0.035721553949780625
0.0318542601967741
0.03197161066127539
0.03361621448616506
0.03208809944594288
0.0330736171154808
0.034469478445860166
0.03869381514204115
0.03924155783755325
0.03603329462800271
0.04090384231133212
0.044176216106748274
0.04169190571634062
0.03729856500798416
0.04494896237099964
0.04596294607228847
0.0468044771555796
0.04393665987931254
0.0458884621093063
0.04248350259278916
0.047530921007821476
0.048485873081469386
0.05050585284421545
0.046703335719547795
0.05477081203306426
0.056281128648982805
0.04935380760958031
0.04786826271537504
0.05172997051815678
0.05495138933030233
0.051458201286605866
0.06000900833428879
0.057492457912634375
0.05647116529056198
0.05753904960327198
0.05899173130506636
0.054045577820630075
0.06372956523884847
0.06293230065033324
0.06074747387580413
0.06126656508666924
0.060713610433636926
0.06772187771185312
0.05961277611189466
0.06828899732663458
0.06767535963991052
0.07146816849344778
0.06827224344405484
0.07016611084749041
0.06678321375507741
0.07004271107630004
0.07387235056179155
0.07986417572076367
0.0712580021134525
0.07400604095115935
0.07635231138799528
0.07374494196344297
0.06766796428940143
0.06838238779082509
0.07014689987525387
0.07743263900744948
0.07928803396761565
0.07859573970816883
0.07402721525526246
0.0800584989638588
0.08162538768668347
0.07904531404941796
0.0822306155091743
0.07516222693234202
0.07360469568341203
0.0832983967375279
0.07853223392849167
0.08874145872669428
0.08243856721986254
0.08372493419104476
0.08544500659851174
0.09454437811515529
0.0983370276939872
0.08803948709878458
0.08983898105918182
0.09565610905463086
0.09513208412255077
0.09231877606106907
0.0885920103573354
0.09384742691232095
0.0912052322737177
0.10642070686669065
0.09999581926751734
0.09904266509475543
0.09153011498681884
0.10129772229727674
0.09891073168480397
0.10717728517613895
0.09809286395251418
0.10021938595961037
0.10521427514633253
0.10149234333051743
0.09983665016415123
0.0978078180760401
0.09776459545643784
0.11109911923878552
0.10145987713296745
0.09874605156333228
0.09002296028608069
0.11359644427301348
0.09917566668609633
0.10574986354943057
0.1055540654534731
0.11528331009191066
0.10834643995743898
0.10712861090822123
0.10787323049955573
0.11591408637411113
0.10529495214616524
0.1184908644787851
0.12250007253480634
0.11468450966542747
0.11144899209398923
0.12087436856422581
0.11483909427480839
0.10807518609863481
0.12145847762293574
0.12240501195058286
0.12357996541195528
0.11826848342346322
0.11596358774710748
0.1285841477916084
0.13269894468374685
0.13189962602248914
0.12279991000947495
0.13031506357835657
0.13195946005095657
0.12948953885461661
0.13876196644060468
0.11865047624275832
0.132878179435258
0.12091783332938297
0.13471517540275588
0.13404638778988348
0.13218979770681982
0.13456355234145867
0.14287399233660072
0.13607179620093685
0.13428946374110537
0.12935042929342216
0.13779593179405344
0.12491393560721348
0.12414256946202115
0.1451250035050914
0.1415473492954249
0.1405423505737901
0.1499951036553783
0.13991623894110689
0.14617587738536378
0.1535751340321095
0.15346368446031128
0.14529921363873138
0.15020915666475892
0.14029292814548353
0.14669609790035032
0.1562970332135446
0.1341079062231659
0.1486881784397146
0.14195802609050098
0.14010014603503443
0.14640682072211064
0.15367988862573256
0.14853948503116557
0.15353347246996765
0.16201330904954794
0.15820333667224368
0.1565729826270537
0.1407450603258509
0.14565031326317127
0.16336550532112257
0.1481715621890474
0.15749129256556071
0.16753328667025522
0.16983979030132867
0.15892102782068598
0.1654519255311222
0.16170925682611414
0.15796224325461547
0.15737891313925698
0.16728461620031365
0.16953871892888397
0.16788730500653842
0.15711915450339484
0.16396931122348024
0.15453232954686016
0.18074121926333414
0.15402350275204799
0.17501127347239703
0.19066762812837873
0.1767583940998193
0.15193876616846824
0.16659022642102136
0.17933976562166545
0.17352605194738857
0.18773936078341616
0.18797694757305067
0.1699030252935339
0.18033174314813294
0.17294878282183085
0.20771833871239553
0.17525762279221724
0.17989239060174714
0.18485472794099983
0.188868958701616
0.18169776336106147
0.18366374199817997
0.1746685840659066
0.195453417513608
0.16822522156081635
0.17762082884106814
0.19562954331321072
0.20160057818610594
0.1934585701813516
0.19221232629055685
0.19018999431588035
0.18295954096602937
0.18606089839481463
0.1901906535640664
0.19343352350292617
0.18645248267013334
0.18754010263076615
0.19765813273708807
0.20466789528239737
0.18342002405697738
0.19909561880381968
0.20615422892851462
0.20113804880813999
0.21152210853820122
0.21791809694994022
0.20336416447740713
0.19547958971960383
0.20022759758763534
0.19949100820542415
0.19139007147391196
0.20559069769606128
0.18575225037279922
0.20218884986804672
0.20860324456917842
0.200126110672718
0.21252486186427672
0.21813507035649868
0.21272265699802526
0.20296917202374976
0.20470408168976095
0.23298906334662767
0.20670837632001882
0.19369136822563046
0.21953899818506717
0.2062221425417532
0.19842542343697336
0.20184359871230131
0.208744544585559
0.20574925156099755
0.22747171887231882
0.21769146987355303
0.22080121538121822
0.22454256081177348
0.22696315415771204
0.19496522534571636
0.21851780936777584
0.2264804759121316
0.20866310184494222
0.21156916318848887
0.2092030363499027
0.21283421870739602
0.22031868872521765
0.21549916835109906
0.2122833090015979
0.23850092719162627
0.23800257426995353
0.26006061423424387
0.22078284187138753
0.2228949015467448
0.22571031824559107
0.24445117546543127
0.2132184954316264
0.2512657450419843
0.23570569580813341
0.24969162166305842
0.21785367715832613
0.2198466484335443
0.23321779969030337
0.24723356664675808
0.22537132503596446
0.2178765181444278
0.2573353347073796
0.2651234743263422
0.2419405476567108
0.22928128054412014
0.24043944545948637
0.26373243107434813
0.26602615254485806
0.2536571543054441
0.24248270327638735
0.23747410456546447
0.27127858196428517
0.25122756413071423
0.23540063194429503
0.22717078385262718
0.2628385083526189
0.2621613636551329
0.246687083259648
0.23839461907872628
0.23916793549491341
0.24866378234497094
0.25547269981777887
0.24910863035960415
0.24319026580916922
0.2632610696071923
0.2581001177649177
0.27478301104551267
0.2784093728732927
0.253848237584521
0.2455784326459355
0.26746057949016694
0.28117012011974046
0.24034537285749796
0.2772677426272063
0.25480903233980673
0.25830451114848907
0.2512335821739216
0.2959501915402906
0.29490012826780215
0.25799567278647884
0.2669987499724184
0.2749718635808028
0.2453249842438205
0.262480168911004
0.2702336855062847
0.26040165665651127
0.26271213501950863
0.2969287570419492
0.2588823232099165
0.2526427952166806
0.26369087340715697
0.30340180772276965
0.2709323710408567
0.26524765332066447
0.2694865264708352
0.2877273641184424
0.2530545410556159
0.27972546743745874
0.2868820251744188
0.27755972909249865
0.2789370102516407
0.27546796709903615
0.26207079736210576
0.30110462178250824
0.2826700774791508
0.2932791339071473
0.26075703527009364
0.30903147915251383
0.28668814385528824
0.2725288543215208
0.288492992930496
0.2981724155017077
0.29387347582434115
0.2936689714045103
0.27989309864408835
0.30275817099349683
0.31078483387630507
0.282895348052142
0.2850337693977803
0.3139651067843622
0.2984786496789899
0.28783411756369653
0.2887649414341542
0.2640688341027102
0.27796412429364104
0.29694841818961487
0.311174312048163
0.28342113982311284
0.31825764177984117
0.3023033157436089
0.31699008039219506
0.29131646823170565
0.30797233657385564
0.312117630113051
0.3029528596723168
0.31939268870537846
0.29307394421914956
0.2869049974403179
0.3015592734374369
0.29228326204689575
0.31110885198955146
0.30419769474977465
0.31812414831052777
0.3112787059234222
0.3248949050483488
0.3047194346804439
0.3199987349432917
0.3450260304392815
0.29289961490933064
0.30162812527943794
0.3030171668236042
0.3148572082595773
0.33730601638622837
0.3316476829980466
0.2873880081940782
0.3164037647830074
0.34414417570037914
0.29448473941795705
0.32070936058809335
0.28417333675155126
0.2818932170757728
0.29019177257335294
0.31580489549645274
0.3480684736593883
0.3315038977853479
0.30362043815703943
0.3110098974165554
0.3190898175372357
0.3345384124818726
0.36125601192794854
0.3506777671073247
0.32411713958712113
0.28981457902182617
0.3278960733819259
0.3123962769836077
0.34424297952480204
0.31465186333201484
0.3144548433189642
0.3741123886116433
0.32912011154958626
0.33652045931934793
0.32628848362322815
0.3310977236943332
0.3803748668644087
0.31243560293023803
0.3594175423717204
0.3253159778547857
0.3456841926141617
0.3305701710656882
0.32754067841432055
0.3393802950427225
0.38462129646693816
0.3264794236317438
0.36975218931365966
0.3685973346333031
0.3575043040109191
0.38234509537671824
0.3595329665379151
0.35980701387779496
0.3577679214761817
0.36317694085055185
0.36384681771275845
0.36997288278940205
0.37338717012633105
