0.0018750011920928955
0.0007250010967254639
0.0007050025463104248
0.0012349998950958252
0.0021449995040893556
0.0012750017642974853
0.0012349975109100342
0.0013100004196166992
0.002220001220703125
0.0010800015926361083
0.0013650012016296386
0.00189500093460083
0.0012750005722045898
0.0011900007724761964
0.0020099985599517822
0.0009750020503997803
0.0011800014972686767
0.0010000014305114747
0.0016799998283386231
0.0013299989700317383
0.0012000000476837158
0.0018550002574920655
0.0012449967861175538
0.0010650002956390382
0.0011099982261657715
0.0019050002098083495
0.0013799989223480225
0.0011250007152557374
0.0010049986839294435
0.0019450008869171143
0.0009249997138977051
0.0010399985313415527
0.0010300004482269288
0.0018550002574920655
0.001195002794265747
0.001195000410079956
0.0017200005054473877
0.0013850009441375732
0.0014850020408630372
0.0017099988460540772
0.0014549994468688965
0.001119999885559082
0.00120999813079834
0.0019200003147125243
0.001219998598098755
0.0011200010776519775
0.0021050012111663817
0.0013549983501434325
0.0013399994373321533
0.0019700026512146
0.0013399994373321533
0.0012099993228912352
0.0012650012969970704
0.0024199998378753662
0.0012949991226196289
0.0013700008392333984
0.002160000801086426
0.00125
0.0015150022506713867
0.0013700008392333984
0.00158500075340271
0.0022249996662139894
0.0015650010108947754
0.0015050017833709718
0.0022899997234344482
0.0017800009250640869
0.0014450013637542724
0.0020149993896484376
0.0017450010776519774
0.0013999998569488525
0.0023049998283386232
0.0016149985790252686
0.0021950018405914305
0.001424999237060547
0.001984999179840088
0.0023749983310699463
0.0014250004291534424
0.0016000032424926757
0.0020100009441375733
0.0013949966430664062
0.0013300013542175294
0.001894998550415039
0.0013500010967254638
0.0012849998474121094
0.0013100004196166992
0.002559999227523804
0.0015500009059906006
0.002054998874664307
0.0014899981021881104
0.0015150022506713867
0.0019800007343292237
0.0013749992847442627
0.001279999017715454
0.002339998483657837
0.0017450010776519774
0.0015149974822998046
0.0020349991321563722
0.0018599998950958251
0.002355002164840698
0.0016850006580352783
0.0016449999809265137
0.001894998550415039
0.0018300020694732666
0.0027449989318847658
0.0017099988460540772
0.001735001802444458
0.002559999227523804
0.0014200007915496826
0.0016450023651123048
0.002479996681213379
0.0014399981498718262
0.0023449981212615967
0.0015249967575073243
0.0016449999809265137
0.0023650002479553224
0.0015849995613098145
0.0013200008869171142
0.0022000002861022948
0.0016400003433227539
0.001694999933242798
0.0025400006771087646
0.001809999942779541
0.0022249996662139894
0.001819998025894165
0.0015749990940093993
0.0022850000858306886
0.0017299997806549073
0.0015649998188018799
0.002565000057220459
0.0019999992847442626
0.0026200020313262937
0.001714998483657837
0.0016899991035461426
0.0024800014495849607
0.002080000638961792
0.002534998655319214
0.002135002613067627
0.002765001058578491
0.002254997491836548
0.0023999989032745363
0.0019999992847442626
0.0018850004673004151
0.002725001573562622
0.0019150030612945556
0.0024150002002716066
0.0019549989700317384
0.0017500007152557373
0.002760000228881836
0.0018749988079071044
0.0024800014495849607
0.0015349996089935303
0.002450000047683716
0.0021150016784667967
0.001835000514984131
0.0023050010204315186
0.0021150004863739013
0.002384997606277466
0.002025001049041748
0.002089996337890625
0.002120000123977661
0.0017200005054473877
0.002219998836517334
0.0016400015354156494
0.0023299992084503175
0.0019749999046325684
0.0026550006866455076
0.001830000877380371
0.001755000352859497
0.00254500150680542
0.0018599987030029296
0.0028199970722198485
0.0022650015354156493
0.0026250016689300538
0.0013000011444091798
0.0015299999713897705
0.002455000877380371
0.0018650007247924805
0.0023950016498565673
0.0020149993896484376
0.0016750025749206544
0.002495002746582031
0.0016249990463256835
0.0026949989795684815
0.0019450020790100098
0.002579998970031738
0.0019749999046325684
0.00252500057220459
0.0023700010776519773
0.002844998836517334
0.0017750000953674317
0.0015450000762939453
0.0022850000858306886
0.0015999984741210938
0.0025099992752075197
0.0020100033283233644
0.0022650015354156493
0.0017350006103515625
0.0014449989795684815
0.0022000014781951905
0.002065000534057617
0.002460000514984131
0.0018899989128112792
0.00160500168800354
0.002390000820159912
0.0018949997425079346
0.002760000228881836
0.0015349996089935303
0.0019050002098083495
0.002384999990463257
0.0017050015926361084
0.002584998607635498
0.001390002965927124
0.0017450010776519774
0.0025650012493133546
0.0020500004291534426
0.002615000009536743
0.001660001277923584
0.002349998950958252
0.0020100009441375733
0.0025950002670288084
0.001830000877380371
0.0016549992561340331
0.0022600018978118897
0.00163000226020813
0.0026149988174438477
0.0016599977016448974
0.0017350006103515625
0.0024950003623962404
0.0015350019931793214
0.002120002508163452
0.002260000705718994
0.0023749995231628416
0.0020799994468688964
0.0016500020027160644
0.002509998083114624
0.0018900001049041747
0.002195000648498535
0.0020050013065338133
0.0014999997615814209
0.0028599977493286135
0.0016299986839294434
0.00276999831199646
0.001940000057220459
0.002659996747970581
0.0018100011348724365
0.0029600012302398683
0.0014600002765655519
0.001614999771118164
0.002204999923706055
0.002064999341964722
0.0025499999523162843
0.00185499906539917
0.0023149991035461425
0.0020599997043609618
0.0028250014781951906
0.0022400009632110598
0.0026800000667572023
0.0019349992275238038
0.001835000514984131
0.0024200010299682616
0.0016449987888336182
0.00245499849319458
0.0016750013828277588
0.0026899993419647215
0.00182999849319458
0.0019800007343292237
0.00218500018119812
0.0016949987411499024
0.002455000877380371
0.0021049964427948
0.002450001239776611
0.0020500004291534426
0.0017750012874603273
0.0024100005626678466
0.002054998874664307
0.0025749993324279785
0.0018450009822845459
0.0027750003337860107
0.0015649986267089844
0.002615002393722534
0.0016300010681152344
0.0015799975395202636
0.0022150003910064698
0.0018350017070770264
0.002600001096725464
0.002214999198913574
0.0017599987983703614
0.002429999113082886
0.001924997568130493
0.0026350021362304688
0.0018650007247924805
0.0024800002574920654
0.0018099987506866456
0.0018500018119812012
0.002590000629425049
0.0018550002574920655
0.0025999999046325685
0.0020950007438659667
0.0022800016403198243
0.0020450031757354736
0.002534997463226318
0.0019949984550476072
0.002724999189376831
0.0018600010871887207
0.0019449985027313232
0.0023999989032745363
0.001840001344680786
0.0024099993705749513
0.0022400009632110598
0.002580000162124634
0.0018299973011016845
0.002805001735687256
0.0020449984073638914
0.0026950013637542726
0.0021050024032592774
0.002710001468658447
0.0019950008392333983
0.0014400005340576172
0.002770000696182251
0.0020150017738342287
0.0022249996662139894
0.002099999189376831
0.002444998025894165
0.002065000534057617
0.001875
0.0024450004100799562
0.0021050000190734864
0.002699998617172241
0.0020600008964538575
0.0023850011825561524
0.0017750012874603273
0.0025
0.0020100009441375733
0.0024699997901916505
0.001735001802444458
0.001759999990463257
0.0026399993896484373
0.0025150001049041746
0.0024049973487854006
0.0018500006198883057
0.0024000000953674316
0.0021749997138977052
0.002530001401901245
0.0019700002670288087
0.0015800011157989502
0.0019999992847442626
0.0018300020694732666
0.002534998655319214
0.0023800015449523928
0.0023049986362457275
0.001734999418258667
0.0017200005054473877
0.002630000114440918
0.0021399998664855956
0.0023049998283386232
0.0022200024127960205
0.0021750009059906005
0.0020150017738342287
0.0014649999141693115
0.0023049998283386232
0.0022550010681152343
0.002344999313354492
0.0019450008869171143
0.0023149991035461425
0.001594998836517334
0.0018500018119812012
0.0023650014400482177
0.0018999993801116944
0.003040001392364502
0.0019900000095367434
0.0022900009155273435
0.0020300018787384033
0.001874997615814209
0.0024950003623962404
0.001835000514984131
0.0026600003242492677
0.001980003118515015
0.002394998073577881
0.002120000123977661
0.0020799970626831053
0.0018499994277954102
0.001619999408721924
0.002580000162124634
0.0016750013828277588
0.00221000075340271
0.0020600008964538575
0.001809999942779541
0.0024899983406066893
0.0019099974632263183
0.002394998073577881
0.0018850004673004151
0.002664997577667236
0.0021500003337860106
0.001489999294281006
0.00252000093460083
0.0016999983787536622
0.002444998025894165
0.0017949998378753661
0.0015949976444244384
0.0024450016021728515
0.001770000457763672
0.002534998655319214
0.0019400012493133545
0.0023249995708465574
0.001765000820159912
0.0017449998855590821
0.002509998083114624
0.001960000991821289
0.0020899999141693114
0.0023199987411499025
0.0028099977970123292
0.0019850003719329833
0.0025449979305267336
0.0019900000095367434
0.0027300000190734865
0.0016650009155273439
0.0020450007915496825
0.003059999942779541
0.001875
0.0026300013065338134
0.002090001106262207
0.0022250008583068847
0.0018250012397766113
0.0024050021171569823
0.0016300010681152344
0.001535003185272217
0.002330000400543213
0.0019700002670288087
0.0025
0.0018899977207183839
0.0019649994373321534
0.002415001392364502
0.0018250000476837157
0.0026299989223480223
0.0016950011253356934
0.002760000228881836
0.002209998369216919
0.0023649978637695314
0.002019996643066406
0.0027749991416931154
0.0020200014114379883
0.001800001859664917
0.002959998846054077
0.0019749999046325684
0.0025049996376037597
0.0018949997425079346
0.0021650004386901856
0.0020700001716613767
0.002220001220703125
0.001894998550415039
0.0019450008869171143
0.0027499997615814207
0.002074998617172241
0.0022350001335144044
0.00189500093460083
0.0022650015354156493
0.00218500018119812
0.0025899970531463624
0.001789999008178711
0.0015399992465972901
0.0023999977111816406
0.0024199998378753662
0.00281499981880188
0.0020599997043609618
0.00218999981880188
0.002124999761581421
0.0024950015544891358
0.0021849989891052244
0.002594999074935913
0.001865001916885376
0.002109999656677246
0.00218500018119812
0.0019249987602233886
0.0027499985694885254
0.0021349990367889402
0.002719999551773071
0.0019099998474121093
0.002535001039505005
0.0017950010299682617
0.0015299999713897705
0.00218500018119812
0.0022500014305114747
0.002929997444152832
0.002310000658035278
0.0022350001335144044
0.0017550015449523926
0.002380000352859497
0.0020950007438659667
0.0017549991607666016
0.0020000004768371583
0.0015899991989135741
0.0026849985122680666
0.0015400028228759765
0.0023499977588653563
0.002450001239776611
0.002315000295639038
0.0028799986839294434
0.0017250001430511475
0.0022300004959106444
0.0022350013256072997
